 1.210334  0.014066 -0.000000 -0.066398  0.050644  0.000000 -0.038324 -0.050661  0.000000 -0.103088 -0.014049  0.000000 
 0.014066  1.095790 -0.000000  0.050644 -0.038558 -0.000000 -0.050661 -0.066508  0.000000 -0.014049 -0.001754  0.000000 
-0.000000 -0.000000  0.999630  0.000000 -0.000000  0.000044  0.000000  0.000000  0.000168  0.000000  0.000000  0.000158 
-0.066398  0.050644  0.000000  1.109966 -0.007427 -0.000000 -0.000989  0.007364 -0.000000 -0.038328 -0.050581  0.000000 
 0.050644 -0.038558 -0.000000 -0.007427  1.150414 -0.000000  0.007364 -0.053996  0.000000 -0.050581 -0.066627  0.000000 
 0.000000 -0.000000  0.000044 -0.000000 -0.000000  0.999896 -0.000000  0.000000  0.000015  0.000000  0.000000  0.000045 
-0.038324 -0.050661  0.000000 -0.000989  0.007364 -0.000000  1.106067 -0.007348 -0.000000 -0.066495  0.050645  0.000000 
-0.050661 -0.066508  0.000000  0.007364 -0.053996  0.000000 -0.007348  1.149582 -0.000000  0.050645 -0.038387 -0.000000 
 0.000000  0.000000  0.000168 -0.000000  0.000000  0.000015 -0.000000 -0.000000  0.999700  0.000000 -0.000000  0.000118 
-0.103088 -0.014049  0.000000 -0.038328 -0.050581  0.000000 -0.066495  0.050645  0.000000  1.209898  0.013985 -0.000000 
-0.014049 -0.001754  0.000000 -0.050581 -0.066627  0.000000  0.050645 -0.038387 -0.000000  0.013985  1.099721 -0.000000 
 0.000000  0.000000  0.000158  0.000000  0.000000  0.000045  0.000000 -0.000000  0.000118 -0.000000 -0.000000  0.999679 
