 1.210334  0.014066 -0.000000 -0.066398  0.050644                                         -0.103088 -0.014049           
 0.014066  1.095790 -0.000000  0.050644 -0.038558 -0.000000                               -0.014049 -0.001754           
-0.000000 -0.000000  0.999630           -0.000000  0.000044                                                    0.000158 
-0.066398  0.050644            1.109966 -0.007427 -0.000000                               -0.038328 -0.050581           
 0.050644 -0.038558 -0.000000 -0.007427  1.150414 -0.000000                               -0.050581 -0.066627           
          -0.000000  0.000044 -0.000000 -0.000000  0.999896                                                    0.000045 
                                                             1.000000                                                   
                                                                       1.000000                                         
                                                                                 1.000000                               
-0.103088 -0.014049           -0.038328 -0.050581                                          1.209898  0.013985 -0.000000 
-0.014049 -0.001754           -0.050581 -0.066627                                          0.013985  1.099721 -0.000000 
                     0.000158                      0.000045                               -0.000000 -0.000000  0.999679 
